% -------------------------------------------------------------------
%  Generated by MATLAB on 29-Sep-2019 20:35:54
%  MATLAB version: 9.4.0.929293 (R2018a) Update 5
% -------------------------------------------------------------------
                              

fe = [15.8; 15.4; 10.3; 10.5; 15; 16.8; 11.5; 16.6; 12.1; 13.9; 15.2; 16.9; ...
      20.4; 5.6; 5.4; 5.5; 4.6; 5.9; 6; 5.4; 5.7; 4.2; 4.8; 16.6; 17.8; ...
      8.7; 8.7; 17.7; 10.7; 11.6; 12.3; 15.4; 16.3; 13.4; 14.8; 8.5; 9.8; ...
      10.3; 16.1; 15.7; 14.6; 11.2; 12.7; 17.4; 16.7; 7.5; 19.6];

