% -------------------------------------------------------------------
%  Generated by MATLAB on 29-Sep-2019 20:08:17
%  MATLAB version: 9.4.0.929293 (R2018a) Update 5
% -------------------------------------------------------------------
                                

lunar_data = ...
  [0.0607 0.0918 0.0957 0.0971 0.0996 15.8 7.5;
   0.0701 0.1161 0.1182 0.1189 0.1231 15.4 3.1;
   0.0825 0.1376 0.144 0.1458 0.1502 10.3 1.6;
   0.0798 0.1364 0.1414 0.1437 0.1485 10.5 1.73;
   0.0726 0.1267 0.1306 0.1333 0.138 15 1.9;
   0.076 0.1314 0.1333 0.1359 0.14 16.8 1.6;
   0.0863 0.1479 0.1519 0.156 0.1604 11.5 1.3;
   0.0741 0.1282 0.1314 0.1321 0.1378 16.6 1.2;
   0.08 0.1395 0.1443 0.1484 0.1528 12.1 1.5;
   0.078 0.135 0.1406 0.1446 0.1492 13.9 1.1;
   0.0719 0.1253 0.1292 0.1317 0.1367 15.2 1.7;
   0.074 0.1256 0.124 0.1236 0.127 16.9 1.8;
   0.0769 0.1307 0.1223 0.1211 0.1247 20.4 2;
   0.1269 0.2003 0.2126 0.2159 0.2229 5.6 0.6;
   0.1269 0.2022 0.2142 0.2171 0.2241 5.4 0.6;
   0.1364 0.2133 0.225 0.2288 0.2338 5.5 0.6;
   0.1277 0.2044 0.2155 0.2198 0.2267 4.6 0.5;
   0.1256 0.1991 0.2101 0.2163 0.2203 5.9 0.7;
   0.1347 0.2124 0.2233 0.2268 0.2313 6 0.7;
   0.1424 0.2183 0.229 0.2325 0.239 5.4 0.6;
   0.1287 0.2013 0.2134 0.2169 0.2233 5.7 0.6;
   0.1779 0.2626 0.2703 0.2774 0.2843 4.2 0.4;
   0.1574 0.236 0.2479 0.252 0.2585 4.8 0.5;
   0.0698 0.1082 0.1128 0.1142 0.1177 16.6 8.5;
   0.0707 0.1068 0.1089 0.1097 0.1127 17.8 9.6;
   0.1087 0.1703 0.1769 0.1808 0.1863 8.7 1.5;
   0.105 0.1664 0.1729 0.1774 0.1822 8.7 1.8;
   0.0677 0.1061 0.1089 0.1115 0.1149 17.7 9.9;
   0.0877 0.14 0.1465 0.1498 0.1549 10.7 3.4;
   0.0861 0.1387 0.145 0.1476 0.1535 11.6 3.9;
   0.0781 0.1277 0.1319 0.1363 0.1411 12.3 4.3;
   0.0712 0.1108 0.1148 0.1163 0.1208 15.4 6.4;
   0.0657 0.1039 0.108 0.1094 0.1137 16.3 8;
   0.0707 0.1149 0.1214 0.1229 0.1278 13.4 4.4;
   0.0704 0.1108 0.1159 0.1192 0.1237 14.8 5.5;
   0.106 0.1678 0.1753 0.1803 0.1845 8.5 1.3;
   0.0987 0.1564 0.1631 0.1664 0.1715 9.8 2.6;
   0.0983 0.1532 0.1608 0.1648 0.169 10.3 2.6;
   0.0677 0.1072 0.1123 0.1146 0.1196 16.1 6.8;
   0.065 0.1042 0.1083 0.1109 0.1148 15.7 6.6;
   0.0674 0.1076 0.112 0.1153 0.1189 14.6 6.1;
   0.0878 0.1407 0.1462 0.1503 0.1556 11.2 3.7;
   0.0749 0.1229 0.1269 0.1303 0.1345 12.7 4.5;
   0.0703 0.1071 0.11 0.1104 0.115 17.4 10;
   0.0624 0.1002 0.1046 0.1063 0.1092 16.7 3.3;
   0.092 0.1547 0.1639 0.1674 0.172 7.5 0.5;
   0.0623 0.1035 0.1069 0.1077 0.1114 19.6 1];

