% -------------------------------------------------------------------
%  Generated by MATLAB on 29-Sep-2019 20:36:15
%  MATLAB version: 9.4.0.929293 (R2018a) Update 5
% -------------------------------------------------------------------
                               

ti = [7.5; 3.1; 1.6; 1.73; 1.9; 1.6; 1.3; 1.2; 1.5; 1.1; 1.7; 1.8; 2; 0.6; ...
      0.6; 0.6; 0.5; 0.7; 0.7; 0.6; 0.6; 0.4; 0.5; 8.5; 9.6; 1.5; 1.8; ...
      9.9; 3.4; 3.9; 4.3; 6.4; 8; 4.4; 5.5; 1.3; 2.6; 2.6; 6.8; 6.6; 6.1; ...
      3.7; 4.5; 10; 3.3; 0.5; 1];

